BEGIN_GREEN_NATIVE
END_GREEN_NATIVE
BEGIN_GREEN_REDUCED
0 
10
	 	2795.08 	7050.5439453125 	1284
	 	2797.05 	7050.5439453125 	1285
	 	2798.96 	7050.51953125 	1287
	 	2800.72 	7050.51953125 	1288
	 	2802.69 	7050.548828125 	1290
	 	2804.56 	7050.548828125 	1291
	 	2816.03 	7050.505859375 	1299
	 	2817.79 	7050.505859375 	1300
	 	2820.03 	7050.556640625 	1302
	 	2822.28 	7050.556640625 	1303

1 
2
	 	2852.25 	7095.55029296875 	1320
	 	2854.85 	7095.55029296875 	1321
END_GREEN_REDUCED
BEGIN_BLACK_NATIVE
6 
1
	 	1569.06 	7434.517578125 	655
END_BLACK_NATIVE
BEGIN_BLACK_REDUCED
6 
2
	 	2945.33 	7442.5322265625 	1240
	 	2946.88 	7442.55029296875 	1241

10 
1
	 	2402.51 	6675.28271484375 	978

12 
3
	 	2986.17 	6401.02685546875 	1261
	 	2992.59 	6401.05859375 	1264
	 	2994.08 	6401.04052734375 	1265

21 
1
	 	3558.73 	6947.53955078125 	1537
END_BLACK_REDUCED