315.16212675976567
450.23155425000004
641.2921611601562
691.2827007109374
778.5007803242187
790.3667953398437
807.3926732460938
819.3796255390624
914.4526718046875
936.4361913125
978.5529043476562
1210.6888778593748
1227.7143905546873
1244.7424657265624
1290.7595565703125
1308.7746932890625
1325.8010604765623
1341.7961766640624
1367.8227889921875
1384.80093840625
1400.8451268593751
1456.8247411171874
1481.8229110625
1498.8448403847658
1498.845372
1554.7795751015624
1767.0019743945313
1792.3283041796874
1809.023933703125
2045.9960564531248
2156.140621921875
2173.0998504375
2190.126034703125
2190.1283058203126
2300.0787372734376
2318.2210102226563
2370.094421308594
2387.112823554688
2413.3032786132812
2430.3021484999995
2431.30933309375
2511.156863273438
2539.2023915
2555.1700732382815
2572.192850351563
2754.3196470351563
2835.2806435703123
2909.532658730469
2909.53838321875
2961.4256531015626
2978.458490015625
2991.3940941093747
3072.599173234375
3120.4421808125
3186.6439168203124
3186.6453078125
3223.4502354531246
3314.6873798515626
3314.7078138125
3333.4935538906248
3351.5074699062498
3418.567918375
3532.741073484375
3570.902704578125
3590.6876096875
3607.7010776406246
3607.7051798125
3717.7828135312498
3735.7896494687498
3735.7943363593745
3846.8203831875
3846.845486484375
3863.85407459375
3960.8706821562496
3960.8753383828125
3977.897287484375
3977.9003264257813
4060.1156909375
4106.9082478125
4123.93853225
4123.939587402345
4140.96733484375
4140.970068609376
4287.027386437499
4304.02884428125
4435.08562990625
4443.331641804688
4451.1036813125
4460.286896035157
4477.314498925782
4522.13736671875
4523.150354390626
4560.1510888125
4584.1203692812505
4584.12783341797
4602.164217187499
4602.168904078125
4619.19107965625
4619.191921332032
4732.269295910157
4744.27309290625
4860.362638070314
4860.3776045
5242.4616868281255
5495.737899500001
5517.67980203125
5534.63682528125
5551.64951059375
5551.657030734375
5567.630621359374
6114.0512770625
6226.090561703126
6243.110573234375
6473.924115121093
6686.2960901054685
6826.395361781249
6841.4080490937495

6735.321181052734
6600.251753562499
6409.191146652343
6359.200607101562
6271.9825274882805
6260.116512472656
6243.090634566405
6231.103682273437
6136.030636007812
6114.047116499999
6071.930403464843
5839.794429953125
5822.768917257812
5805.740842085937
5759.723751242187
5741.708614523437
5724.682247335937
5708.687131148437
5682.660518820312
5665.68236940625
5649.638180953124
5593.658566695312
5568.66039675
5551.638467427733
5551.6379358125
5495.703732710937
5283.481333417968
5258.155003632812
5241.459374109374
5004.487251359375
4894.342685890624
4877.383457374999
4860.357273109375
4860.355001992187
4750.404570539062
4732.262297589843
4680.388886503905
4663.370484257812
4637.180029199219
4620.1811593125
4619.173974718749
4539.326444539061
4511.280916312499
4495.313234574218
4478.2904574609365
4296.1636607773435
4215.202664242187
4140.95064908203
4140.944924593749
4089.0576547109367
4072.0248177968742
4059.0892137031246
3977.8841345781243
3930.0411269999995
3863.839390992187
3863.8379999999993
3827.0330723593747
3735.7959279609368
3735.7754939999995
3716.9897539218746
3698.9758379062496
3631.9153894374995
3517.742234328124
3479.5806032343744
3459.7956981249995
3442.7822301718747
3442.7781279999995
3332.7004942812496
3314.6936583437496
3314.688971453125
3203.6629246249995
3203.637821328124
3186.6292332187495
3089.6126256562497
3089.607969429687
3072.5860203281245
3072.582981386718
2990.3676168749994
2943.575059999999
2926.544775562499
2926.5437204101545
2909.5159729687493
2909.5132392031237
2763.455921375
2746.4544635312495
2615.3976779062496
2607.1516660078114
2599.379626499999
2590.1964117773423
2573.1688088867177
2528.3459410937494
2527.3329534218738
2490.332218999999
2466.362938531249
2466.3554743945297
2448.319090625
2448.3144037343745
2431.2922281562496
2431.2913864804677
2318.2140119023425
2306.2102149062493
2190.120669742186
2190.105703312499
1808.0216209843738
1554.7454083124985
1532.8035057812494
1515.8464825312494
1498.8337972187492
1498.826277078124
1482.852686453125
936.4320307499993
824.3927461093735
807.3727345781244
576.5591926914067
364.18721770703087
224.08794603124988
209.07525871874986