645.3239604765624
704.3027212421874
753.3804179960937
772.3761465351562
789.3907949726562
793.3632553007812
817.38492278125
817.3866445820312
867.4480941679687
867.4496938984374
885.4587743203125
914.4374740507812
939.4266216093749
985.5118877226562
1013.5071269804687
1084.4929067890623
1110.022568875
1141.5997173125
1164.5766942421874
1182.589512625
1182.5903188984375
1222.4446151640623
1238.6540878203123
1277.07188528125
1499.67300871875
1666.7988622109374
1917.9603260703125
1934.9677084765624
1935.9670853085938
1989.94257565625
2119.0019118281252
2266.0680779374998
2299.039583074219
2326.106625339844
2357.0644927109374
2489.168270847656
2520.126650871094
2621.17504975
2768.2428037734376
2855.272826070313
2992.3314848554687
2993.3320823906247
3063.4765544218753
3095.34057409375
3117.44506228125
3118.443401515625
3223.434196023438
3245.5354013125007
3304.6033954765626
3305.603565765625
3337.4701902421875
3337.487603109375
3356.6258781093748
3373.635626734375
3446.6773767812497
3465.5714846015626
3465.573119734375
3515.7037359687497
3545.67151240625
3594.672228828125
3700.7776755781247
3779.772798765625
3815.8223523125
3880.81306996875
3903.8959170468747
3953.8011020781246
3971.8081023046875
3971.81794178125
4044.8926448124994
4067.9739366406247
4115.86538846875
4134.877893968749
4281.944866906249
4281.951812097656
4352.97707446875
4422.9932533437495
4438.999061238282
4440.0138445625
4457.1014712304695
4457.1036813125
4569.07096146875
4587.0782856875
4658.235321882813
4735.1548374375
4791.174942375
5087.2448842890635
5105.26887110547
5145.268421195313
5162.291714625
5192.459600523438
5192.483051132814
5210.485651164063
5211.486976382813
5223.300777492188
5242.3274094843755
5259.340187203125
5259.340723703125
5386.430514789063
5387.4317486015625
5478.550504015626
5507.615147953125
5508.637687773437
5583.561920960939
5607.574991484375
5622.716061578125
6244.834694328125

5755.648046136719
5696.669285371094
5647.591588617188
5628.595860078125
5611.581211640625
5607.6087513125
5583.587083832032
5583.58536203125
5533.523912445313
5533.522312714844
5515.5132322929685
5486.5345325625
5461.545385003907
5415.460118890625
5387.464879632813
5316.479099824219
5290.949437738282
5259.372289300782
5236.395312371094
5218.382493988282
5218.381687714844
5178.527391449219
5162.317918792969
5123.900121332032
4901.298997894532
4734.173144402344
4483.011680542969
4466.004298136719
4465.004921304688
4411.029430957031
4281.970094785156
4134.903928675782
4101.932423539062
4074.8653812734374
4043.907513902344
3911.8037357656253
3880.845355742187
3779.796956863281
3632.7292028398438
3545.6991805429684
3408.6405217578126
3407.6399242226566
3337.495452191406
3305.6314325195312
3283.5269443320312
3282.5286050976565
3177.5378105898435
3155.4366053007807
3096.3686111367188
3095.3684408476565
3063.501816371094
3063.4844035039064
3044.3461285039066
3027.3363798789064
2954.2946298320317
2935.4005220117187
2935.3988868789065
2885.2682706445316
2855.3004942070315
2806.2997777851565
2700.1943310351567
2621.1992078476565
2585.1496543007815
2520.1589366445314
2497.0760895664066
2447.1709045351568
2429.163904308594
2429.1540648320315
2356.079361800782
2332.9980699726566
2285.1066181445312
2266.0941126445323
2119.027139707032
2119.020194515625
2047.994932144531
1977.9787532695318
1961.9729453749997
1960.9581620507815
1943.8705353828118
1943.8683253007812
1831.901045144531
1813.893720925781
1742.7366847304684
1665.8171691757816
1609.7970642382816
1313.7271223242178
1295.7031355078116
1255.7035854179685
1238.6802919882812
1208.5124060898434
1208.4889554804677
1190.4863554492185
1189.4850302304685
1177.6712291210933
1158.6445971289058
1141.631819410156
1141.6312829101562
1014.5414918242186
1013.5402580117188
922.4215025976555
893.3568586601559
892.334318839844
817.4100856523428
793.3970151289068
778.2559450351564
156.13731228515644