1241
QDTLFG
517.256 645.3188 760.3505 861.396 974.4722 1121.5385 1178.5595

978
EVCS
4610.3146 4739.3522 4838.419 4941.4337 5028.464

1273
KNKCHSFTY
2935.3989 3063.5018 3177.5378 3305.6314 3408.6405 3545.6992 3632.7292 3779.7970 3880.8454 4043.9075

1264
KNKC
2935.4008 3063.4950 3177.5359 3305.6282 3408.6414

1264
KCHSFTYG
3177.5359 3305.6282 3408.6414 3545.6970 3632.7275 3779.7974 3880.8442 4043.9058 4100.9298

1261
GYTFS
2300.0483 2357.0676 2520.1316 2621.1769 2768.2472 2855.2783

1261
FSHC
2621.1769 2768.2472 2855.2783 2992.3399 3095.3450

1273
YTFSHCKNK
2357.0645 2520.1267 2621.1751 2768.2428 2855.2728 2992.3315 3095.3406 3223.4342 3337.4702 3465.5731

1252
SHCK
2768.2423 2855.2708 2992.3271 3095.3409 3223.4291

1268
HCKN
2855.2749 2992.3371 3095.3452 3223.4393 3337.4830

1268
KNKK
3095.3452 3223.4393 3337.4830 3465.5726 3593.6647

1261
HSFTY
3408.6389 3545.7005 3632.7316 3779.8020 3880.8472 4043.9112

1261
YYFA
3808.7599 3971.8236 4134.8868 4281.9498 4352.9800

1261
ASFFG
4281.9498 4352.9800 4440.0158 4587.0812 4734.1528 4791.1784

1268
YFASFF
3971.8159 4134.8787 4281.9468 4352.9829 4440.0123 4587.0790 4734.1507

1273
YFASF
3971.8179 4134.8779 4281.9449 4352.9771 4440.0138 4587.0783

1261
GFFSAF
1609.8005 1666.8260 1813.8976 1960.9630 2047.9988 2119.0291 2266.0921

1273
FSAFY
1813.8937 1960.9582 2047.9949 2119.0271 2266.0941 2429.1541

1537
CGSFL
2179.1044 2282.1141 2339.1353 2426.1676 2573.2300 2686.3185

1537
LFSGC
4261.1516 4374.2401 4521.3037 4608.3331 4665.3560 4768.3657